1
10
64   222 33 204 144 39 90 117 222 159 9 123 72 54 9 156 30 162 96 246 105 129 138 24 15 123 12 51 135 138 45 27 66 1104 525 273 429 531 693 630 469 789 438 477 300 342 519 858 321 333 267 1032 501 258 354 756 279 330 519 552 567 795 309 906 348
64   159 156 147 201 162 126 111 42 33 46 204 108 90 39 201 24 18 180 81 66 198 21 195 30 42 150 39 171 93 177 87 81 309 354 270 753 735 1311 225 414 729 549 579 510 1170 369 420 264 378 696 399 321 720 294 534 1053 582 348 363 498 279 564 318 213
64   87 63 105 129 141 204 178 24 96 66 132 72 93 165 105 84 111 126 6 75 126 54 195 72 114 129 39 180 57 75 189 57 204 240 231 600 330 372 1338 411 219 381 372 918 1017 393 762 345 1053 594 351 303 336 1038 258 288 303 963 765 945 516 285 210 309
64   177 180 78 174 153 63 27 105 162 33 85 126 171 69 30 210 126 210 9 138 33 153 57 81 105 45 156 72 165 213 207 216 333 321 285 777 294 435 264 498 480 309 381 378 789 936 495 510 345 1074 375 456 759 396 489 981 318 294 378 309 813 870 306 522
64   123 195 246 261 63 51 177 15 18 201 15 15 21 90 63 96 87 33 15 9 165 45 114 114 198 66 168 117 153 57 105 141 264 387 837 687 399 342 264 1086 648 519 594 366 627 705 357 606 276 624 273 573 378 300 402 867 318 465 891 363 522 445 591 786
64   150 24 99 33 105 18 156 108 78 15 6 48 111 171 171 78 63 63 171 51 123 192 159 51 126 177 78 186 21 9 57 225 378 951 261 246 243 333 648 240 250 801 726 252 474 774 606 678 408 765 537 504 828 1290 363 531 312 261 258 297 414 282 471 1494
64   132 129 153 39 138 126 48 54 69 6 138 60 168 117 96 12 42 138 204 15 21 6 30 216 24 207 102 18 150 138 84 12 423 255 948 582 255 510 252 255 315 825 555 252 975 423 585 354 331 468 264 1008 417 981 690 597 312 240 543 321 1194 798 588 591
64   93 129 81 123 96 39 51 36 117 117 156 30 57 69 147 180 177 93 216 156 27 12 210 54 195 34 195 132 216 15 132 180 885 555 288 369 675 261 285 447 240 240 531 282 453 243 1011 432 1275 276 816 528 420 384 990 759 840 483 300 315 399 444 543 465
64   45 66 27 144 129 177 78 90 54 96 198 90 21 78 87 84 21 93 195 132 51 78 81 147 153 48 39 72 126 63 54 135 801 537 1308 225 403 291 354 369 273 834 840 366 1065 588 1335 963 504 327 432 480 303 660 501 216 405 561 330 231 249 855 207 234
64   45 45 150 45 72 132 60 117 39 90 102 201 9 51 90 195 9 186 159 60 69 111 27 82 183 33 183 141 123 192 144 63 516 861 375 1089 663 309 1263 381 666 1158 228 615 333 714 336 531 261 1092 210 207 390 213 354 567 240 525 378 408 225 1182 258 243
