1
10
128   12 93 30 51 120 24 111 81 120 9 117 6 57 15 36 105 12 72 6 15 111 6 30 129 75 78 24 45 42 42 120 21 81 105 45 123 21 84 123 27 27 90 24 48 105 12 87 24 90 120 24 18 138 117 45 69 36 102 93 96 120 57 45 93 177 1002 855 210 480 564 204 504 933 165 879 300 279 192 276 396 585 445 219 201 180 297 213 864 708 144 1188 222 486 165 558 195 168 345 297 315 570 201 558 573 468 171 228 183 402 153 552 402 990 150 264 585 1533 318 147 207 264 195 153 309 456 198 216 240
128   105 37 147 60 9 93 171 30 132 78 9 174 24 15 39 15 15 180 99 30 78 90 96 111 27 33 99 39 6 141 54 123 126 36 9 150 33 21 66 174 153 177 126 93 39 24 168 36 156 102 27 15 141 45 162 117 138 6 24 27 87 54 24 12 186 321 360 243 402 753 228 219 393 549 273 327 297 243 390 192 183 243 186 555 369 300 387 489 324 237 276 222 369 402 300 318 441 348 255 423 225 861 219 363 606 186 309 192 519 384 303 591 450 213 213 291 204 198 1644 204 345 183 372 501 849 1305 504 837
128   171 105 18 168 75 39 54 168 102 105 30 57 9 54 30 105 153 102 33 63 33 48 30 48 27 120 108 93 51 27 165 48 66 153 162 9 180 12 180 54 24 174 15 18 60 156 81 18 120 21 27 45 54 18 36 66 54 156 126 123 63 42 162 78 300 375 432 321 474 318 222 489 288 363 282 282 213 372 384 288 306 1068 594 231 453 198 426 300 279 558 192 426 315 552 396 243 231 300 525 234 372 240 309 187 609 543 288 279 684 273 738 225 405 366 411 372 831 390 216 258 273 234 1092 690 900 183 228 183
128   93 84 51 57 135 18 138 18 60 138 69 78 96 144 132 102 102 141 60 123 24 129 135 48 147 60 136 108 165 39 69 12 24 12 33 108 39 27 57 39 45 30 120 18 36 45 66 111 12 42 24 141 90 12 24 78 36 162 162 96 36 36 147 81 261 258 351 522 354 201 204 231 372 489 462 879 543 423 603 474 660 312 423 174 177 201 279 336 237 219 222 468 681 663 321 180 462 264 243 273 222 633 195 432 231 243 498 477 165 435 513 234 213 936 456 591 171 387 180 1491 594 600 534 288 309 240 234 177
128   138 27 24 99 27 99 108 51 72 75 153 30 117 126 117 24 15 120 132 114 105 108 111 144 123 75 21 132 141 18 39 96 117 6 24 84 168 129 75 24 102 153 78 150 36 81 72 48 132 114 45 99 96 33 45 129 114 141 99 48 9 75 141 79 498 240 468 192 204 456 654 171 405 330 210 231 237 249 612 591 201 972 252 531 366 234 1167 237 642 276 606 231 186 498 573 183 465 216 339 432 435 222 270 222 327 357 183 177 201 198 333 252 234 174 426 225 315 519 747 258 636 369 453 270 369 540 576 831
128   39 84 81 75 39 33 24 147 18 60 7 6 63 33 96 111 63 78 138 69 141 93 69 156 99 93 129 18 57 69 96 33 126 45 132 99 141 6 165 120 96 27 39 12 24 6 51 162 102 153 48 24 39 120 36 27 117 72 21 84 9 126 18 123 255 195 234 480 942 432 171 1026 780 372 327 525 273 183 405 168 192 258 399 372 315 969 243 759 276 465 249 243 432 357 387 480 171 177 315 186 249 189 267 228 291 306 525 192 681 234 654 216 330 828 465 240 312 186 960 258 717 282 693 702 345 282 462 207
128   144 99 66 162 60 123 16 99 48 75 69 24 48 108 105 51 6 15 12 21 63 111 96 111 123 39 15 144 9 81 117 24 123 141 93 72 39 9 21 105 27 153 117 45 63 156 45 66 126 69 33 6 129 30 81 54 15 123 42 117 126 42 114 39 348 297 195 246 438 228 267 900 513 279 375 1248 492 309 324 408 237 219 207 714 378 498 354 471 408 165 321 192 537 459 168 258 270 258 474 360 456 291 450 294 243 570 207 618 816 258 294 381 501 525 234 408 528 180 186 363 252 432 537 321 513 489 402 732
128   54 81 39 156 42 102 177 144 102 24 21 108 57 54 21 57 9 90 147 129 123 126 102 18 165 192 81 114 12 21 123 15 72 72 102 42 82 117 57 156 30 6 12 36 126 24 30 30 84 87 78 12 111 72 150 69 6 120 12 6 36 30 78 30 327 333 276 1302 387 696 321 225 405 510 312 309 870 216 279 873 204 513 309 207 237 198 273 201 315 348 597 288 573 321 201 423 207 441 258 831 297 396 273 204 360 354 273 342 324 840 450 330 369 708 300 501 237 639 210 540 507 228 210 306 402 405 366 363
128   15 114 108 84 99 18 156 114 84 111 18 156 159 69 123 66 132 81 12 159 33 97 87 96 147 36 33 96 36 24 75 42 90 51 78 75 138 51 48 93 81 81 132 105 33 39 45 105 45 42 6 120 6 117 162 66 123 165 21 135 9 51 18 27 576 321 369 336 321 270 540 507 369 267 351 1071 270 465 399 309 627 168 384 714 507 366 378 444 555 243 657 237 330 246 234 204 876 231 384 192 381 318 438 240 237 330 756 390 225 258 237 183 861 375 279 474 204 495 198 345 372 447 564 204 420 579 213 222
128   129 147 117 90 12 9 60 93 96 117 141 75 42 126 174 117 93 114 57 36 159 42 18 57 105 120 54 36 18 150 9 51 135 162 120 141 90 36 6 129 33 45 54 6 24 87 15 21 78 168 60 132 12 54 102 27 12 15 9 96 120 99 126 9 390 294 636 351 378 267 204 222 177 267 339 567 213 210 240 498 537 834 234 426 384 849 204 264 225 177 600 330 333 741 249 225 384 615 951 504 450 324 315 207 234 282 390 222 504 417 651 534 246 216 1137 174 765 606 330 411 207 177 729 313 219 222 261 252
