1
10
32   6 144 168 105 117 51 108 135 111 93 135 33 135 9 99 81 249 267 513 906 1308 852 507 177 187 735 252 801 354 819 195 348
32   123 132 57 144 64 57 210 183 27 45 162 102 21 147 39 48 411 828 405 792 261 489 678 870 240 381 459 705 315 273 1077 255
32   24 135 31 123 132 12 105 120 165 177 21 159 129 153 27 60 489 294 477 1065 1941 612 591 303 246 594 183 258 441 207 363 363
32   127 174 132 252 156 84 165 63 219 72 165 51 75 129 114 102 1308 291 315 447 261 309 330 411 1296 627 417 441 507 318 378 264
32   90 246 243 201 69 162 135 21 33 166 9 129 219 129 156 141 288 600 1224 546 450 846 339 291 300 312 285 276 819 402 600 273
32   237 162 165 207 40 225 51 30 27 141 60 156 42 270 270 18 291 834 441 378 543 318 276 1086 450 423 291 543 390 534 564 537
32   69 57 117 15 24 9 21 165 117 187 90 30 102 90 6 168 393 453 297 969 360 261 222 219 189 489 372 429 822 1251 432 1575
32   132 36 135 144 84 51 111 63 147 117 6 141 78 82 111 153 198 651 711 237 357 414 597 177 1038 405 387 549 1182 693 237 576
32   45 7 72 18 81 117 87 141 18 87 30 147 129 147 30 138 546 612 216 1221 1779 162 204 318 228 267 429 237 1026 543 666 252
32   90 34 138 30 69 63 27 183 162 123 192 87 84 15 90 192 771 381 420 657 393 552 294 234 705 456 1074 234 369 1083 213 585
