1 4

4 4

0 0 1 4
0 0 1 4
2 2 3 4
1 1 1 6

7 9
0 1 2 1 2 1 2 1 2
21 20 19 18 17 16 15 14 1
2 1 2 1 2 1 2 13 2
1 24 22 23 26 25 1 12 1
2 3 2 1 2 1 2 11 2
1 4 5 6 7 8 9 10 1
2 1 2 1 2 1 2 1 2

7 9
0 1 2 1 2 1 2 1 2
21 20 19 18 17 16 15 14 1
2 1 2 1 2 1 2 13 2
1 24 22 50 26 25 1 12 1
2 3 2 1 2 1 2 11 2
1 4 5 6 7 8 9 10 1
2 1 2 1 2 1 2 1 2

10 10
-1 -36 36 27 23 48 -16 -32 -41 -26
50 -18 -30 -15 16 -9 -40 -12 -48 46
33 25 -35 -22 11 40 -25 43 -19 32
-23 21 17 -4 8 -45 -3 20 -37 29
-39 -47 14 3 0 1 5 9 13 19
-11 45 39 -17 2 -2 -10 -46 26 35
-44 28 10 7 4 6 -6 -7 -42 -27
42 31 -20 -5 -8 12 -34 -33 38 49
-50 47 -38 -29 41 15 18 22 34 -43
-31 -14 -24 37 30 24 -13 -21 44 -28
