10
7
26 250 686
311 67 306
491 560 386
469 687 768
725 35 742
513 994 796
368 534 356
7
850 757 825
27 131 337
758 247 811
511 990 779
916 21 846
940 511 406
326 698 94
7
94 423 846
835 655 840
351 741 93
706 591 849
250 336 698
586 95 945
116 324 654
7
895 240 674
460 180 903
584 506 601
396 318 743
243 154 117
801 504 857
894 928 168
7
462 897 503
161 483 316
824 318 640
478 931 598
871 391 497
493 693 721
813 90 39
7
556 51 910
672 851 133
248 745 62
415 208 677
637 368 160
952 910 196
592 107 127
7
191 977 236
406 190 929
127 3 737
165 558 787
76 948 638
208 196 103
987 330 310
7
664 966 396
543 918 25
738 230 131
584 139 109
538 544 298
186 670 19
922 834 295
7
709 628 243
67 555 157
887 542 486
915 925 171
30 468 90
54 924 319
184 508 457
7
11 765 719
27 950 389
45 873 941
339 301 289
300 86 843
457 972 385
661 887 29
