1

35 50



1    4
3    4 3 8
5    3 5 2 4 6
6    3 3 3 4 5 3
7    9 4 4 4 6 2 2

6    10 3 4 9 2 7
5    10 9 8 1 9
5    8 2 1 13 13
7    2 2 2 1 11 7 6
9    3 1 2 3 9 4 2 2 2

9    2 1 2 4 5 5 2 2 1
10    2 2 1 5 5 3 3 2 3 1
9    2 2 1 8 4 6 2 2 2
10    1 1 2 4 4 3 6 4 2 3
13    1 2 1 4 2 4 2 2 1 3 3 3 2

9    2 2 3 4 9 4 2 3 2
7    3 2 4 11 2 2 3
7    3 2 4 6 11 3 2
7    2 3 8 1 6 3 2
6    3 4 1 1 4 3

6    3 4 1 2 4 3
6    3 7 3 4 5 2
4    4 16 17 2
4    4 15 17 2
6    5 10 2 1 10 3

7    3 1 4 3 4 2 2
3    4 1 4
5    5 4 5 4 1
4    6 11 13 11
1    49

4    4 38 2 2
4    4 34 2 1
6    2 1 9 1 1 1
10    2 1 2 1 2 3 2 3 2 3
7    1 6 3 7 4 4 5



2    4 6
3    1 4 12
3    2 3 18
4    4 3 11 9
4    6 7 2 5

4    1 9 2 2
5    1 5 7 3 1
6    1 4 5 7 2 1
5    2 7 5 3 2
5    2 5 5 3 2

7    1 1 3 1 5 3 1
7    1 2 2 5 4 3 1
6    1 6 9 5 3 1
5    2 2 12 5 4
7    1 2 5 2 4 4 1

8    2 3 3 2 2 4 4 2
7    2 3 5 1 3 4 1
7    2 1 2 1 1 3 4
6    5 4 2 3 5 1
6    5 2 3 3 5 2

5    6 5 3 5 2
5    5 5 3 6 1
4    6 10 5 1
5    8 3 4 5 1
4    10 2 4 1

3    12 3 6
3    8 9 6
4    5 4 4 7
4    6 6 3 6
5    6 2 3 3 6

5    5 4 2 3 5
7    5 3 1 2 3 5 1
7    2 2 6 2 3 4 2
7    1 2 6 2 4 4 2
9    2 2 2 1 1 1 4 4 1

7    1 1 5 1 2 4 4
5    1 14 4 4 1
7    1 3 3 5 3 4 2
6    4 2 2 3 3 2
5    3 2 4 4 1

5    3 3 3 4 1
6    2 1 6 5 4 1
6    1 4 6 6 3 2
4    1 4 10 3
6    1 7 7 1 3 1

4    1 9 8 1
4    6 6 6 1
4    5 8 6 2
5    2 2 11 4 2
5    1 3 6 4 2
