1

40 25



0   
0   
0   
0   
0   

0   
3    1 2 2
3    1 1 1
3    2 3 2
6    5 1 1 1 1 1

8    2 5 2 1 1 1 1 1
2    5 9
4    2 3 2 7
5    1 1 1 1 1
6    1 1 1 1 1 1

2    1 5
2    3 1
6    1 1 1 1 3 1
7    1 3 3 3 3 3 1
2    21 1

2    3 1
3    18 2 1
7    3 3 3 3 2 2 1
7    3 3 3 3 2 2 1
7    3 3 3 3 2 2 1

3    18 2 1
3    18 2 1
3    18 2 1
3    18 2 1
1    18

1    6
3    8 5 4
3    10 5 2
3    3 3 6
3    7 3 6

3    9 3 4
2    13 2
2    12 1
2    4 4
2    9 12



5    1 2 9 5 1
7    1 1 1 1 9 5 1
6    1 1 2 9 5 2
9    1 3 2 3 1 5 2 2 2
6    5 2 9 2 3 1

7    5 2 1 9 2 3 1
6    5 2 9 2 3 1
9    2 3 2 3 1 5 2 3 1
7    1 1 2 9 2 3 1
8    1 1 1 1 9 2 2 1

7    1 2 9 1 2 2 1
6    3 1 5 1 1 2
4    2 9 1 4
5    1 9 2 3 1
5    2 9 2 3 1

6    3 1 5 1 2 1
6    3 2 9 2 2 1
6    2 1 9 2 1 1
6    1 12 1 2 1 1
6    1 2 14 1 2 1

5    1 20 1 2 1
6    1 2 1 2 3 2
5    1 20 2 2 2
4    2 3 3 2
3    3 2 5
