1

33 43



1    11
1    18
3    3 10 6
5    1 2 9 2 7
8    2 2 2 1 2 2 2 7

7    1 4 2 6 4 1 9
6    1 5 7 6 1 10
4    1 19 1 10
6    2 4 3 4 2 11
4    4 1 4 12

6    2 4 1 4 2 14
6    1 3 5 3 1 15
8    1 4 2 3 2 4 1 14
8    4 1 2 1 1 2 4 14
6    4 2 3 2 4 15

4    6 5 6 15
2    23 15
4    9 3 8 14
4    8 1 8 13
4    6 3 6 13

5    4 1 3 4 13
5    3 3 3 3 16
5    7 4 1 2 18
3    15 20 3
4    8 1 21 2

6    6 2 3 2 3 2
6    5 5 3 4 4 2
6    3 7 3 3 3 2
5    3 6 4 3 5
5    3 6 3 5 4

4    11 4 4 3
3    7 4 5
1    13



1    4
1    7
2    2 9
3    5 3 9
6    2 2 2 5 6 2

6    1 2 3 8 4 1
5    1 7 9 3 2
5    1 6 9 3 2
7    1 4 2 5 2 1 3
6    2 3 2 4 3 5

7    2 1 2 1 2 4 7
7    3 1 1 1 2 2 8
7    2 2 1 3 1 2 8
9    2 3 2 1 2 1 2 5 1
10    3 4 2 4 1 1 2 3 1 1

5    3 18 2 1 1
7    3 4 2 4 3 3 2
8    4 3 2 1 2 1 3 3
8    6 1 1 1 1 1 3 7
7    5 1 1 3 1 3 7

9    4 2 2 1 2 1 2 5 1
8    3 3 2 4 1 3 1 1
7    3 4 2 5 2 3 1
6    2 6 9 3 1 3
5    2 7 9 3 6

7    2 1 2 3 8 3 6
6    2 2 2 2 5 11
8    3 5 2 1 3 5 1 1
5    3 8 2 5 1
4    17 5 1 2

2    24 5
2    24 4
2    23 4
2    22 1
2    21 1

2    20 1
2    18 3
1    22
1    19
1    16

1    13
1    11
1    5
