1

40 27



3    2 2 2
3    2 2 2
3    2 2 2
3    2 2 2
3    2 2 2

3    4 4 4
3    4 4 4
3    4 4 4
3    2 2 2
3    2 2 2

3    3 2 3
3    2 2 2
3    3 2 3
3    2 2 2
1    20

1    22
1    24
6    4 3 3 3 3 3
6    4 3 3 3 3 3
6    4 3 3 3 3 3

6    4 3 3 3 3 3
1    24
1    24
1    24
1    24

6    3 2 2 2 2 3
1    24
6    3 2 2 2 2 3
1    24
1    24

6    3 2 2 2 2 3
1    24
1    22
1    20
4    1 1 1 1

6    1 2 1 1 2 1
6    1 2 1 1 2 1
4    1 1 1 1
2    2 2
1    24



2    16 1
2    18 1
3    3 20 1
6    6 11 1 2 3 1
8    9 3 4 1 2 3 2 1

4    5 25 1 1
4    2 22 2 2
7    2 11 1 2 3 2 2
8    2 3 4 1 2 4 1 1
4    1 20 2 1

3    3 20 1
5    20 1 2 3 1
6    12 4 1 2 3 1
3    4 20 1
4    2 20 2 1

7    2 11 1 2 4 1 1
8    2 3 4 1 2 3 2 2
4    2 22 2 2
5    1 3 25 1 1
7    8 11 1 2 3 2 1

7    6 3 4 1 2 3 1
3    4 20 1
3    2 18 1
3    2 16 1
1    2

1    2
1    1
