1

35 35



2    3 2
2    3 3
2    2 5
1    15
1    14

2    3 4
2    2 4
1    3
2    3 6
1    11

2    7 2
2    5 2
3    4 2 4
3    3 1 6
3    3 3 6

2    2 8
2    2 10
2    2 10
2    2 16
2    12 5

3    9 11 4
3    4 15 4
2    6 23
4    8 12 6 3
4    5 9 3 13

5    3 8 5 12 1
5    8 7 3 9 1
5    8 7 1 2 9
6    6 9 1 4 2 7
5    3 12 1 3 7

5    15 1 4 5 2
4    17 2 5 3
4    17 3 2 4
3    18 3 3
2    19 15



3    3 3 4
3    3 3 4
1    12
4    2 2 3 5
4    2 1 7 5

4    2 2 2 10
6    1 1 2 2 3 6
5    2 2 2 6 6
5    2 4 4 3 7
4    2 5 8 7

6    2 3 3 4 3 8
4    2 6 12 8
5    8 2 2 3 9
4    8 3 3 9
4    7 2 2 14

4    6 2 3 14
6    2 2 2 2 4 10
5    2 2 2 7 2
5    3 2 3 13 1
5    2 5 3 5 3

7    2 7 3 4 1 1 3
8    3 1 3 3 2 1 1 2
7    3 5 3 3 1 1 1
7    2 4 3 2 4 1 1
5    4 3 4 4 1

6    3 1 7 2 1 1
4    4 11 2 1
5    4 2 7 3 2
2    4 17
4    4 2 9 3

3    3 14 1
5    2 3 6 2 1
2    11 1
3    4 4 1
2    6 1
