1

45 30



3    12 1 15
4    2 6 2 13
4    12 1 1 11
7    1 3 4 1 1 3 10
4    3 1 1 8

3    1 6 9
5    1 1 6 1 6
5    3 1 1 1 5
8    1 2 1 3 1 1 2 4
7    2 2 3 1 2 3 4

6    3 3 2 2 2 3
8    4 2 1 1 1 1 4 3
5    5 3 2 1 5
5    6 5 1 5 4
5    6 5 2 3 3

5    6 5 2 3 4
5    5 5 3 4 4
5    4 6 3 4 5
7    3 2 1 1 2 1 4
9    3 1 1 1 1 1 2 4 4

7    4 4 1 1 1 1 5
7    5 2 1 1 2 1 5
6    3 7 1 1 1 8
5    3 1 1 2 6
6    3 1 1 1 2 6

6    4 2 2 1 1 5
5    6 1 1 2 5
6    6 2 2 1 2 4
5    7 1 1 4 3
5    9 1 1 3 2

5    10 1 2 2 1
4    11 1 1 1
3    13 1 2
2    16 1
3    13 1 1

4    13 1 1 1
4    13 2 1 1
4    14 1 1 2
4    14 1 1 3
4    14 1 3 3

4    12 2 5 3
5    11 3 2 2 2
4    10 2 1 2
4    10 1 1 5
5    13 1 1 2 8



2    4 37
2    3 36
3    1 3 35
6    1 4 3 7 2 20
7    1 3 5 5 1 2 19

7    3 1 2 3 4 1 20
7    4 5 2 1 1 2 17
5    4 1 9 1 16
5    4 9 1 1 18
6    6 1 7 1 3 15

7    3 2 7 2 2 11 1
7    1 1 1 4 4 9 1
6    1 1 1 2 13 3
8    2 1 1 2 7 1 3 2
7    3 2 2 2 4 1 1

7    1 1 2 4 4 4 2
6    1 2 2 2 1 5
8    4 1 1 5 1 1 1 1
7    2 1 1 2 1 3 2
8    3 4 1 1 1 3 2 5

8    4 2 1 1 3 3 3 1
8    4 3 2 1 2 1 2 9
10    6 1 1 1 1 1 3 3 3 1
10    6 2 1 2 1 2 1 2 2 1
8    7 1 1 1 1 3 1 1

7    8 2 1 1 7 1 2
4    10 2 13 2
3    29 3 2
2    30 8
2    31 10
