1

55 40



2    2 2
2    3 3
2    5 5
3    6 4 1
4    3 1 4 1

4    2 1 5 1
3    2 11 1
3    2 9 1
4    1 1 9 1
4    2 2 11 2

4    2 2 14 1
3    3 19 1
3    1 1 21
3    1 1 20
3    1 1 22

3    2 1 23
3    1 1 25
4    1 17 5 3
4    2 16 4 2
4    1 15 3 2

4    1 14 3 1
4    1 14 3 1
5    2 13 6 3 3
6    1 12 2 2 4 2
4    3 10 10 1

4    3 13 3 1
5    2 6 2 4 1
5    2 5 3 12 1
5    2 1 4 3 8
4    2 1 3 16

3    4 2 11
3    4 2 7
3    3 2 7
3    3 2 6
4    3 2 1 6

5    3 2 2 3 1
5    4 2 2 1 3
4    4 2 2 6
5    2 1 2 2 5
4    2 5 2 5

4    2 4 2 3
4    3 4 3 1
3    4 2 6
3    6 1 1
3    7 1 2

4    3 4 1 3
3    3 6 3
4    4 6 2 2
4    5 4 2 2
4    7 3 2 3

4    9 6 2 5
4    10 6 2 6
3    23 3 7
2    24 13
2    25 14



1    30
1    31
3    4 8 14
6    5 1 4 4 3 8
4    4 2 3 7

4    3 21 4 6
4    2 25 4 6
5    2 16 4 3 5
5    5 12 4 3 5
4    3 12 4 4

4    2 12 4 3
4    2 12 4 3
4    2 15 2 3
4    2 17 1 5
4    3 18 1 5

5    3 13 1 2 5
5    4 14 1 1 5
5    4 13 1 2 4
5    5 13 1 1 4
5    15 1 1 1 3

6    14 2 1 1 2 3
6    13 2 1 1 2 3
7    12 1 1 1 1 2 3
7    11 1 1 1 2 2 2
6    12 3 1 2 2 1

5    13 2 1 2 2
5    15 1 4 2 1
3    28 1 2
4    4 23 2 3
4    3 23 1 3

6    2 6 2 8 1 4
8    2 6 1 1 9 1 3 2
8    3 4 6 2 10 1 4 2
6    10 13 6 3 7 3
4    4 5 3 5

3    3 5 10
3    1 5 8
2    5 6
1    5
1    4
