1

40 35



1    2
1    3
1    2
1    5
1    3

1    2
2    3 3
3    3 7 3
2    16 3
2    13 7

1    20
1    21
2    14 2
2    14 3
2    14 2

1    13
1    14
1    17
1    20
1    22

1    24
1    27
2    19 8
2    20 9
3    20 5 3

3    3 15 4
3    2 14 3
3    2 12 2
2    2 13
2    2 14

2    1 15
2    1 15
2    7 8
3    1 5 5
2    4 5

2    4 5
2    5 4
2    3 5
1    6
1    4



1    2
1    5
2    3 1
3    3 1 1
2    2 2

2    3 5
2    5 8
1    17
1    19
2    16 1

1    16
1    16
2    1 16
2    3 18
2    4 19

2    5 22
1    32
1    33
1    33
2    19 12

3    19 4 3
2    18 1
1    18
1    17
2    16 2

4    2 6 5 4
2    8 11
2    7 10
3    1 6 7
4    3 3 2 5

5    2 1 3 1 5
4    2 1 5 5
3    2 8 4
4    6 1 1 3
3    4 1 1
