1

45 35



1    5
1    5
1    4
1    4
2    4 5

3    8 4 5
2    15 9
1    26
4    4 2 12 3
3    2 8 1

2    1 8
2    1 11
2    14 2
4    8 1 4 3
4    6 2 5 3

3    4 2 7
5    5 4 1 4 4
5    3 1 7 4 7
2    4 22
2    4 22

5    2 1 4 11 5
5    3 2 2 5 3
5    2 2 2 7 2
5    3 1 5 6 1
6    3 1 5 3 3 1

5    2 4 2 4 1
4    2 4 2 3
5    1 2 2 1 4
6    1 2 2 2 1 2
4    2 2 2 3

4    1 2 2 3
5    2 1 2 2 3
5    1 2 1 5 2
3    4 5 3
3    2 4 2

2    4 1
1    5
2    2 5
3    1 2 6
3    4 2 5

3    4 2 6
2    8 5
3    1 6 6
2    9 6
3    4 3 8



1    4
1    4
1    3
1    4
1    3

2    4 2
5    5 6 2 1 2
4    5 11 1 6
5    1 4 7 6 8
7    1 4 5 3 6 2 7

6    2 4 6 1 2 4
8    3 1 4 4 5 4 1 4
5    10 4 5 2 6
4    13 4 2 2
3    14 4 6

3    17 6 1
4    6 12 3 5
2    8 29
4    7 1 5 22
5    4 6 4 3 13

4    4 7 6 17
6    3 5 6 10 3 3
3    3 15 1
2    3 10
2    2 10

4    3 4 3 4
5    2 2 4 6 3
5    2 2 4 5 6
3    1 4 9
2    4 5

1    5
1    4
1    5
1    5
1    6
