1

45 35



2    7 8
4    3 8 2 6
4    2 13 2 5
4    2 17 2 4
4    1 19 2 4

4    1 15 1 4
3    14 3 5
3    14 4 5
2    17 4
2    17 4

3    16 5 3
3    16 7 3
3    16 10 1
3    16 3 9
2    17 10

4    10 5 5 3
5    9 2 2 3 3
3    9 1 1
2    9 1
3    11 2 1

2    11 2
2    12 1
3    14 2 3
2    19 5
3    14 4 4

3    14 4 2
2    15 4
2    15 4
2    15 4
2    15 4

3    12 2 7
3    12 2 4
3    12 2 3
3    13 2 2
4    9 2 1 2

4    7 1 2 2
3    6 1 2
3    6 2 2
3    6 1 2
3    4 2 1

3    3 1 1
1    2
1    2
1    1
1    1



2    10 7
1    28
1    29
1    31
2    1 32

2    2 33
2    1 33
2    1 32
2    1 31
2    1 32

3    1 13 15
4    1 12 2 13
3    13 1 13
5    1 13 2 8 3
5    1 14 3 1 6

3    17 2 5
3    17 6 4
3    16 5 3
5    7 4 2 5 3
5    6 3 1 3 2

4    5 2 1 2
4    4 2 2 2
4    4 2 1 1
5    3 1 2 2 4
4    3 3 1 8

5    1 2 5 2 3
3    2 6 4
4    1 3 7 3
4    1 3 7 2
4    2 6 1 2

5    3 2 4 2 1
4    10 2 4 1
4    12 4 1 4
3    12 5 3
2    13 3
