1

20 40



1    4
2    1 10
3    2 14 5
1    30
1    32

1    33
1    36
3    2 30 3
3    8 24 3
5    2 2 11 9 2

5    1 2 10 10 4
5    2 4 4 11 5
5    1 5 3 6 8
4    4 3 8 5
4    3 3 8 8

5    4 2 2 2 2
5    4 2 4 3 2
5    4 4 3 2 2
4    4 4 3 4
2    2 3



1    1
1    3
2    5 1
3    3 1 2
3    7 1 2

2    12 3
2    8 3
2    7 2
2    6 3
2    7 3

2    8 3
1    13
1    13
2    12 1
2    13 3

2    11 3
1    19
1    18
1    14
1    10

2    9 3
2    7 3
3    6 4 2
3    6 5 3
2    12 3

1    14
2    10 4
2    10 2
2    10 2
2    11 4

2    13 2
1    12
1    12
3    6 3 2
3    3 4 2

3    2 2 6
3    2 3 5
2    3 2
1    5
1    3
