1

50 55



3    9 5 24
6    6 4 4 4 19 1
8    5 4 10 3 4 5 6 1
10    7 3 3 5 1 2 2 4 4 3
10    9 4 3 1 2 4 3 1 4 1

10    11 6 3 2 3 2 1 3 1 7
9    12 6 6 5 2 1 2 3 1
10    13 4 5 3 2 2 3 2 1 1
12    12 3 2 2 2 3 3 2 3 2 1 1
8    10 11 2 3 3 5 2 1

9    9 7 3 2 2 4 2 4 6
11    9 5 3 3 2 3 2 1 4 5 1
11    6 4 3 2 2 1 3 1 3 4 1
11    7 5 3 1 1 2 3 2 2 6 1
11    6 2 1 3 4 3 2 4 4 4 1

9    3 4 2 1 8 4 10 2 3
11    1 7 2 2 9 6 3 5 1 1 1
10    1 4 3 1 12 2 1 3 1 1
9    1 1 2 2 7 3 2 3 1
10    2 1 2 3 2 5 4 3 2 1

8    3 1 3 2 4 3 2 4
8    4 2 3 2 5 1 2 4
12    1 2 2 3 2 1 5 2 1 2 1 4
11    2 5 4 2 5 1 1 2 2 1 3
9    2 8 1 2 4 2 2 2 3

8    2 9 2 1 3 2 4 3
8    3 5 1 2 2 3 4 3
10    1 3 2 2 3 3 2 5 3 3
10    1 3 2 1 3 5 2 3 3 3
9    1 4 3 3 6 2 2 3 2

9    2 6 1 3 7 2 2 3 2
9    1 4 2 3 9 3 1 3 2
8    3 6 2 9 4 2 2 2
10    1 1 4 3 7 3 4 2 2 2
9    2 1 3 7 3 4 2 1 1

9    3 3 9 3 1 2 2 2 1
8    7 4 9 3 1 2 1 1
7    6 3 8 2 6 3 1
7    5 3 8 3 4 2 1
7    4 4 7 6 3 1 3

8    4 2 2 8 9 5 1 2
8    3 2 1 7 10 4 3 1
8    2 2 1 7 12 4 4 2
8    2 2 8 12 1 1 3 3
8    2 1 8 12 1 1 4 3

8    1 1 2 6 13 2 4 2
7    1 1 6 11 3 1 2
6    1 1 7 11 4 4
5    1 8 8 9 1
4    7 5 6 2



5    15 4 3 4 17
5    16 3 4 3 11
5    17 3 5 2 7
6    16 2 3 6 1 5
7    15 1 2 1 1 6 3

6    2 12 1 4 5 2
7    1 9 1 2 4 4 1
6    1 8 2 4 1 2
9    1 1 8 1 3 1 3 1 2
8    1 5 1 3 2 3 1 2

6    1 2 4 5 1 9
6    1 3 3 6 2 7
7    2 2 1 5 3 4 4
7    2 2 4 4 2 2 4
7    3 2 4 4 3 3 3

7    3 2 4 1 4 3 2
7    2 2 3 2 4 2 7
6    2 3 2 5 3 6
6    2 3 1 4 4 5
6    2 2 4 5 6 6

5    3 6 5 5 11
6    3 3 2 5 3 10
6    3 1 2 5 3 14
6    5 1 1 5 3 17
5    6 2 5 2 19

5    3 1 4 2 20
6    1 2 5 1 13 6
5    1 6 3 12 5
6    1 8 3 11 5 3
6    2 5 2 8 11 3

6    5 3 2 7 9 2
9    1 5 2 2 1 2 5 9 2
9    2 2 4 2 2 1 4 9 1
8    4 7 2 2 3 3 9 1
9    4 5 2 1 2 3 1 2 8

9    3 3 3 1 1 3 3 2 9
9    3 2 6 1 1 5 3 2 9
10    2 1 7 1 2 2 2 3 3 8
9    2 6 2 1 1 3 4 3 7
9    2 1 3 2 1 1 5 2 8

9    3 1 1 4 2 2 3 3 6
8    6 2 2 2 4 3 3 5
7    6 2 2 7 1 5 3
7    7 8 2 3 3 3 1
5    4 11 2 2 4

7    2 9 3 1 3 1 3
7    3 6 3 4 3 2 3
8    5 1 5 4 3 1 5 3
7    7 3 5 5 4 6 2
6    16 13 3 3 2 2

4    19 10 2 3
7    1 1 1 5 5 6 3
11    1 1 1 2 2 4 11 3 1 2 3
9    1 1 1 1 1 14 3 6 1
3    37 7 2
