1

45 30



2    1 1
2    3 2
3    5 2 1
3    7 2 3
3    9 2 5

4    2 2 2 7
3    7 2 9
6    1 1 1 1 1 11
2    7 13
3    2 2 11

2    11 9
2    11 7
2    1 5
2    9 3
2    9 1

2    5 3
2    5 3
2    4 4
4    6 3 5 13
2    1 7

1    11
3    2 5 5
4    5 5 2 2
2    4 6
2    3 7

2    1 8
2    11 1
2    5 7
5    2 5 7 2 2
3    4 3 2

4    3 3 3 1
4    1 4 3 2
3    8 3 2
3    8 3 2
5    8 3 2 2 2

4    2 8 3 2
2    2 3
3    1 10 3
3    14 6 2
2    15 7

2    16 8
4    2 1 13 6
3    5 7 8
2    14 10
2    12 9



2    1 1
5    1 1 1 1 2
5    1 1 1 1 5
3    1 4 2
4    1 6 3 2

5    1 6 5 4 1
7    1 3 6 5 4 4 3
7    2 3 6 5 5 4 8
8    2 3 2 6 5 4 5 8
9    3 1 1 2 6 4 4 6 8

8    4 3 2 5 4 3 7 8
8    5 1 1 2 4 3 13 8
6    4 3 2 2 13 8
8    3 1 1 2 16 6 5 2
7    2 3 2 16 6 5 2

6    2 3 16 6 5 2
8    1 1 4 7 3 1 5 1
6    1 1 1 12 3 1
5    1 1 1 9 3
5    1 3 1 3 3

8    1 3 1 1 1 1 3 2
8    1 5 1 1 1 1 3 3
5    1 5 1 3 3
5    1 7 1 3 3
5    1 7 1 3 2

5    1 9 1 2 2
9    1 9 1 1 1 1 1 2 2
9    1 11 1 1 1 1 1 2 2
5    1 11 1 1 1
5    1 13 1 1 1
