1

40 25



1    19
2    3 10
5    2 3 3 3 3
4    2 5 3 5
4    2 5 7 5

2    3 19
2    3 19
2    4 19
6    5 3 1 5 1 3
2    6 9

4    5 2 9 3
5    6 3 7 2 1
4    6 1 13 1
5    6 1 2 2 1
8    6 2 1 1 3 1 1 2

3    7 1 2
7    6 4 1 1 1 1 1
5    6 4 1 1 3
3    6 6 6
5    7 2 7 2 1

5    8 1 7 1 2
3    11 7 5
3    11 7 5
3    11 7 5
3    6 7 5

3    4 13 5
3    3 15 5
2    4 7
3    3 2 2
3    2 2 2

3    2 2 2
3    2 3 3
3    3 3 3
1    2
1    2

2    3 3
3    4 1 1
2    4 1
2    5 1
1    8



1    16
1    20
2    22 5
2    23 7
3    24 3 3

4    2 17 2 2
7    2 5 1 1 5 3 1
7    1 7 5 3 4 2 2
7    1 7 2 6 3 2 1
7    1 7 2 4 3 2 1

8    2 5 1 1 3 4 2 2
6    3 6 1 1 2 1
8    3 4 4 1 1 11 2 1
4    3 10 14 2
6    2 12 1 9 4 1

5    2 10 1 9 1
6    2 12 1 9 4 1
4    3 10 14 2
8    3 4 4 1 1 11 2 1
5    3 6 1 1 1

8    1 5 1 1 1 1 7 1
6    1 7 2 3 6 1
7    1 7 2 4 6 2 1
8    1 7 1 2 2 7 1 1
5    1 5 7 8 5
