1

35 25



2    7 1
2    9 3
2    9 1
2    9 1
2    10 3

3    10 2 2
3    10 2 3
3    10 2 5
3    10 2 5
3    10 2 6

2    10 7
2    10 5
3    4 6 1
5    5 1 2 6 1
5    4 1 6 1 1

5    6 3 4 1 1
5    4 3 4 1 1
4    3 3 1 1
5    2 2 3 2 3
2    2 3

2    2 6
2    4 9
4    3 2 2 6
5    3 3 2 2 5
4    2 8 2 6

5    2 2 5 2 7
3    4 4 6
4    3 2 3 5
4    2 1 3 4
4    2 1 4 2

5    2 1 1 6 1
4    1 1 2 8
2    1 12
3    1 2 8
3    1 2 8



1    10
2    3 9
3    6 3 2
2    10 2
2    22 5

4    11 1 2 4
3    12 1 3
4    12 4 1 2
4    12 1 1 2
4    12 1 2 2

4    12 1 1 2
3    12 2 2
3    15 3 5
3    22 2 2
3    10 4 3

3    10 4 3
5    3 5 3 2 2
5    5 2 1 6 8
5    2 2 5 6 8
5    1 2 3 6 7

4    5 5 7 6
4    1 8 7 5
3    14 5 5
4    5 1 5 4
4    3 1 5 3
