1

55 33



1    33
2    17 9
4    15 1 3 8
4    14 3 4 6
4    12 5 5 5

4    10 5 6 4
4    9 2 15 3
4    9 2 16 2
4    8 13 6 2
5    8 3 7 4 1

5    8 3 5 2 1
5    8 4 1 2 1
5    8 6 1 3 1
5    9 4 1 4 1
6    9 4 1 2 5 1

5    10 3 4 5 1
5    10 4 3 4 1
3    11 8 2
4    12 2 5 2
4    12 4 3 3

5    12 1 1 6 3
7    5 2 1 2 2 2 3
7    4 1 2 4 2 3 3
6    4 1 2 6 4 3
7    4 4 2 3 1 5 3

5    4 7 9 4 2
6    5 3 3 3 4 3
5    6 3 2 6 8
5    4 3 2 8 6
6    3 1 2 3 5 5

7    2 1 1 2 5 2 5
6    1 4 3 2 4 4
7    1 2 2 3 2 8 4
7    1 2 3 4 2 8 3
6    2 5 5 2 7 3

6    1 2 5 2 2 3
6    1 2 6 3 2 3
6    1 6 6 3 5 4
6    2 5 7 3 4 4
6    2 2 7 3 4 3

6    2 1 8 3 3 3
7    2 1 1 8 3 3 3
6    2 2 1 9 3 3
8    2 1 1 2 6 3 2 3
7    4 1 2 6 2 2 3

7    2 1 2 6 3 2 2
7    2 2 3 6 3 1 2
7    2 2 2 2 3 1 2
7    3 2 2 8 3 1 2
5    4 2 9 2 3

5    6 1 10 2 4
5    7 1 11 1 5
3    7 13 5
3    8 15 6
1    33



1    55
3    31 1 17
3    30 1 7
5    29 1 1 3 6
7    22 2 2 2 2 3 5

7    21 1 1 2 2 5 5
7    21 2 1 1 3 3 4
6    21 2 1 1 8 2
5    8 8 3 9 1
6    6 5 6 4 4 1

6    5 9 4 4 6 2
7    5 11 4 1 3 10 3
7    4 1 6 2 2 19 5
7    4 1 5 2 3 12 8
8    3 6 1 1 2 4 15 8

6    2 9 2 3 14 7
8    2 8 1 1 3 3 13 7
8    1 9 1 1 4 2 11 7
8    1 7 1 1 9 3 9 7
9    1 5 1 2 5 4 5 5 7

9    1 4 3 7 4 1 4 1 7
10    1 2 3 2 1 1 4 2 5 6
8    1 6 3 4 3 3 5 4
11    1 6 2 2 2 2 1 4 1 5 3
11    2 6 2 3 1 1 1 5 2 6 2

10    3 5 3 2 2 2 5 3 6 1
10    3 5 2 4 4 1 5 6 7 1
9    4 5 13 2 4 6 2 4 2
8    5 4 14 4 2 3 3 4
7    6 12 1 6 2 4 5

5    7 8 6 19 6
2    9 38
1    55
